HK17; test nb;Test Descripcion;degree;oa;ob;m;n;r;s;f;h;rA;rB;k1;k2
HK17;1;64-bits KEM - HK17-O-64 - 8-bits version;16;(148, 0, 242, 208, 65, 207, 212, 201);(1, 0, 111, 175, 128, 227, 145, 5);25;7;168;65;[(15, 15), (230, 14), (73, 13), (97, 12), (9, 11), (147, 10), (210, 9), (18, 8), (146, 7), (201, 6), (203, 5), (141, 4), (7, 3), (199, 2), (38, 1), (136, 0)];[(232, 15), (61, 14), (73, 13), (183, 12), (152, 11), (172, 10), (12, 9), (179, 8), (235, 7), (162, 6), (52, 5), (189, 4), (108, 3), (165, 2), (44, 1), (151, 0)];(176, 0, 80, 56, 193, 1, 125, 124);(91, 250, 177, 196, 102, 216, 147, 202);(124, 22, 5, 149, 107, 198, 24, 177);(124, 22, 5, 149, 107, 198, 24, 177)
HK17;2;64-bits KEM - HK17-O-64 - 8-bits version;16;(236, 100, 151, 40, 45, 193, 234, 73);(143, 67, 180, 10, 40, 36, 149, 232);216;234;237;251;[(217, 15), (107, 14), (10, 13), (38, 12), (230, 11), (114, 10), (9, 9), (47, 8), (22, 7), (27, 6), (153, 5), (27, 4), (180, 3), (235, 2), (166, 1), (151, 0)];[(209, 15), (201, 14), (206, 13), (154, 12), (10, 11), (249, 10), (177, 9), (102, 8), (54, 7), (149, 6), (121, 5), (244, 4), (141, 3), (66, 2), (92, 1), (72, 0)];(164, 14, 122, 170, 60, 142, 137, 46);(136, 59, 143, 18, 61, 221, 118, 18);(230, 70, 51, 41, 149, 124, 186, 0);(230, 70, 51, 41, 149, 124, 186, 0)
HK17;3;64-bits KEM - HK17-O-64 - 8-bits version;16;(189, 32, 37, 74, 114, 144, 32, 179);(178, 245, 137, 142, 75, 74, 54, 141);39;147;221;19;[(113, 15), (154, 14), (114, 13), (180, 12), (114, 11), (213, 10), (37, 9), (62, 8), (16, 7), (55, 6), (92, 5), (145, 4), (75, 3), (201, 2), (94, 1), (82, 0)];[(93, 15), (175, 14), (116, 13), (133, 12), (91, 11), (89, 10), (87, 9), (86, 8), (185, 7), (243, 6), (85, 5), (131, 4), (196, 3), (134, 2), (19, 1), (179, 0)];(97, 91, 36, 224, 18, 173, 34, 6);(12, 211, 139, 222, 69, 199, 29, 66);(131, 150, 82, 152, 200, 97, 152, 56);(131, 150, 82, 152, 200, 97, 152, 56)
HK17;4;64-bits KEM - HK17-O-64 - 8-bits version;16;(98, 207, 43, 234, 228, 31, 229, 62);(135, 15, 94, 2, 75, 176, 96, 221);53;103;113;38;[(151, 15), (223, 14), (115, 13), (237, 12), (27, 11), (127, 10), (60, 9), (80, 8), (97, 7), (199, 6), (192, 5), (139, 4), (129, 3), (76, 2), (58, 1), (65, 0)];[(75, 15), (206, 14), (27, 13), (13, 12), (231, 11), (61, 10), (189, 9), (23, 8), (100, 7), (219, 6), (244, 5), (91, 4), (147, 3), (196, 2), (230, 1), (175, 0)];(16, 133, 199, 125, 168, 216, 11, 212);(13, 236, 178, 166, 154, 248, 56, 35);(69, 158, 52, 170, 149, 185, 117, 46);(69, 158, 52, 170, 149, 185, 117, 46)
HK17;5;64-bits KEM - HK17-O-64 - 8-bits version;16;(8, 87, 210, 195, 230, 103, 250, 102);(73, 54, 182, 74, 195, 39, 127, 164);48;102;204;179;[(67, 15), (98, 14), (24, 13), (181, 12), (158, 11), (78, 10), (102, 9), (185, 8), (14, 7), (21, 6), (223, 5), (29, 4), (124, 3), (138, 2), (193, 1), (179, 0)];[(118, 15), (139, 14), (198, 13), (244, 12), (58, 11), (144, 10), (225, 9), (115, 8), (135, 7), (45, 6), (239, 5), (93, 4), (96, 3), (246, 2), (116, 1), (13, 0)];(10, 127, 201, 204, 30, 91, 114, 141);(164, 137, 94, 181, 183, 55, 37, 226);(207, 43, 81, 231, 78, 70, 135, 120);(207, 43, 81, 231, 78, 70, 135, 120)
HK17;6;64-bits KEM - HK17-O-64 - 8-bits version;16;(242, 231, 172, 7, 235, 208, 236, 110);(98, 101, 22, 236, 100, 184, 200, 176);68;122;15;214;[(221, 15), (178, 14), (11, 13), (193, 12), (247, 11), (6, 10), (140, 9), (183, 8), (134, 7), (188, 6), (33, 5), (94, 4), (230, 3), (129, 2), (222, 1), (166, 0)];[(131, 15), (93, 14), (144, 13), (31, 12), (239, 11), (88, 10), (79, 9), (155, 8), (97, 7), (218, 6), (35, 5), (37, 4), (128, 3), (173, 2), (249, 1), (192, 0)];(135, 216, 187, 166, 248, 185, 14, 174);(145, 240, 146, 156, 114, 32, 235, 69);(9, 177, 130, 37, 178, 233, 126, 74);(9, 177, 130, 37, 178, 233, 126, 74)
HK17;7;64-bits KEM - HK17-O-64 - 8-bits version;16;(8, 145, 145, 94, 56, 139, 230, 73);(7, 17, 57, 168, 173, 91, 112, 116);238;140;64;244;[(123, 15), (62, 14), (31, 13), (192, 12), (67, 11), (144, 10), (108, 9), (66, 8), (210, 7), (165, 6), (207, 5), (183, 4), (144, 3), (217, 2), (174, 1), (110, 0)];[(53, 15), (23, 14), (84, 13), (107, 12), (187, 11), (54, 10), (16, 9), (84, 8), (155, 7), (100, 6), (143, 5), (175, 4), (236, 3), (170, 2), (96, 1), (104, 0)];(88, 210, 25, 18, 54, 119, 59, 238);(147, 13, 101, 44, 117, 240, 193, 80);(91, 223, 226, 240, 111, 212, 127, 206);(91, 223, 226, 240, 111, 212, 127, 206)
HK17;8;64-bits KEM - HK17-O-64 - 8-bits version;16;(171, 7, 46, 216, 249, 13, 106, 107);(70, 153, 151, 197, 128, 97, 249, 169);48;141;227;122;[(200, 15), (75, 14), (196, 13), (18, 12), (84, 11), (218, 10), (13, 9), (126, 8), (81, 7), (91, 6), (241, 5), (222, 4), (31, 3), (83, 2), (215, 1), (123, 0)];[(83, 15), (199, 14), (167, 13), (131, 12), (70, 11), (212, 10), (138, 9), (107, 8), (68, 7), (115, 6), (32, 5), (145, 4), (37, 3), (88, 2), (156, 1), (30, 0)];(109, 2, 55, 189, 248, 176, 111, 109);(201, 51, 224, 84, 70, 211, 67, 12);(226, 63, 29, 77, 161, 93, 119, 219);(226, 63, 29, 77, 161, 93, 119, 219)
HK17;9;64-bits KEM - HK17-O-64 - 8-bits version;16;(79, 10, 186, 117, 178, 6, 147, 58);(47, 163, 76, 176, 80, 60, 145, 131);92;142;221;57;[(230, 15), (132, 14), (188, 13), (40, 12), (132, 11), (177, 10), (99, 9), (42, 8), (5, 7), (22, 6), (90, 5), (13, 4), (237, 3), (91, 2), (19, 1), (112, 0)];[(45, 15), (146, 14), (51, 13), (210, 12), (43, 11), (228, 10), (222, 9), (146, 8), (225, 7), (49, 6), (38, 5), (54, 4), (178, 3), (77, 2), (149, 1), (62, 0)];(221, 132, 25, 39, 221, 214, 45, 205);(59, 73, 47, 39, 84, 54, 132, 46);(137, 230, 57, 216, 183, 108, 184, 185);(137, 230, 57, 216, 183, 108, 184, 185)
HK17;10;64-bits KEM - HK17-O-64 - 8-bits version;16;(189, 122, 113, 83, 35, 91, 142, 157);(161, 22, 233, 233, 100, 197, 221, 141);224;208;138;109;[(163, 15), (40, 14), (64, 13), (133, 12), (98, 11), (54, 10), (237, 9), (218, 8), (121, 7), (142, 6), (222, 5), (137, 4), (49, 3), (86, 2), (134, 1), (246, 0)];[(216, 15), (143, 14), (229, 13), (83, 12), (234, 11), (163, 10), (131, 9), (120, 8), (246, 7), (129, 6), (47, 5), (22, 4), (115, 3), (190, 2), (190, 1), (56, 0)];(65, 109, 47, 70, 20, 39, 135, 160);(41, 197, 232, 1, 202, 234, 236, 200);(68, 123, 199, 84, 77, 240, 71, 208);(68, 123, 199, 84, 77, 240, 71, 208)
HK17;11;64-bits KEM - HK17-O-64 - 8-bits version;16;(2, 222, 128, 222, 137, 193, 20, 134);(19, 105, 89, 155, 187, 138, 214, 48);178;65;74;102;[(50, 15), (100, 14), (204, 13), (5, 12), (244, 11), (99, 10), (229, 9), (160, 8), (137, 7), (37, 6), (101, 5), (35, 4), (52, 3), (145, 2), (196, 1), (224, 0)];[(52, 15), (240, 14), (208, 13), (29, 12), (204, 11), (10, 10), (187, 9), (58, 8), (20, 7), (134, 6), (153, 5), (109, 4), (127, 3), (12, 2), (3, 1), (215, 0)];(212, 178, 105, 123, 227, 109, 205, 42);(237, 17, 195, 202, 217, 224, 127, 154);(144, 108, 76, 170, 202, 26, 151, 118);(144, 108, 76, 170, 202, 26, 151, 118)
HK17;12;64-bits KEM - HK17-O-64 - 8-bits version;16;(197, 40, 194, 241, 114, 77, 50, 190);(173, 97, 188, 21, 32, 169, 85, 28);24;34;90;218;[(93, 15), (131, 14), (8, 13), (205, 12), (3, 11), (46, 10), (86, 9), (199, 8), (98, 7), (151, 6), (20, 5), (152, 4), (1, 3), (143, 2), (117, 1), (230, 0)];[(29, 15), (183, 14), (235, 13), (134, 12), (197, 11), (20, 10), (140, 9), (185, 8), (250, 7), (247, 6), (185, 5), (96, 4), (118, 3), (243, 2), (140, 1), (177, 0)];(43, 114, 195, 31, 59, 112, 126, 119);(16, 76, 76, 92, 88, 229, 235, 139);(141, 102, 138, 247, 99, 204, 103, 200);(141, 102, 138, 247, 99, 204, 103, 200)
HK17;13;64-bits KEM - HK17-O-64 - 8-bits version;16;(46, 85, 42, 240, 205, 235, 16, 166);(28, 131, 77, 160, 90, 144, 3, 25);78;140;115;128;[(59, 15), (250, 14), (242, 13), (81, 12), (10, 11), (67, 10), (97, 9), (113, 8), (36, 7), (173, 6), (41, 5), (99, 4), (187, 3), (168, 2), (212, 1), (126, 0)];[(98, 15), (87, 14), (16, 13), (114, 12), (208, 11), (150, 10), (181, 9), (51, 8), (146, 7), (61, 6), (217, 5), (132, 4), (70, 3), (79, 2), (90, 1), (33, 0)];(161, 200, 202, 19, 162, 166, 176, 6);(203, 244, 210, 100, 92, 105, 174, 153);(107, 44, 217, 178, 62, 36, 23, 38);(107, 44, 217, 178, 62, 36, 23, 38)
HK17;14;64-bits KEM - HK17-O-64 - 8-bits version;16;(178, 40, 140, 245, 49, 228, 48, 37);(198, 120, 181, 246, 201, 70, 122, 218);67;163;241;111;[(158, 15), (103, 14), (46, 13), (142, 12), (187, 11), (138, 10), (223, 9), (212, 8), (220, 7), (131, 6), (72, 5), (172, 4), (96, 3), (110, 2), (28, 1), (139, 0)];[(88, 15), (6, 14), (11, 13), (57, 12), (90, 11), (154, 10), (224, 9), (247, 8), (1, 7), (239, 6), (177, 5), (33, 4), (99, 3), (88, 2), (116, 1), (109, 0)];(128, 155, 54, 156, 211, 114, 28, 123);(46, 89, 101, 49, 204, 11, 58, 215);(5, 157, 34, 13, 186, 108, 231, 196);(5, 157, 34, 13, 186, 108, 231, 196)
HK17;15;64-bits KEM - HK17-O-64 - 8-bits version;16;(20, 20, 73, 95, 96, 100, 201, 142);(202, 9, 205, 208, 98, 66, 35, 8);160;174;53;195;[(180, 15), (69, 14), (10, 13), (14, 12), (172, 11), (6, 10), (241, 9), (13, 8), (136, 7), (222, 6), (202, 5), (25, 4), (158, 3), (127, 2), (72, 1), (141, 0)];[(89, 15), (235, 14), (232, 13), (220, 12), (92, 11), (160, 10), (126, 9), (161, 8), (107, 7), (130, 6), (101, 5), (117, 4), (1, 3), (232, 2), (175, 1), (92, 0)];(176, 32, 97, 107, 39, 110, 210, 56);(62, 61, 22, 205, 196, 194, 125, 170);(141, 87, 90, 99, 239, 23, 22, 62);(141, 87, 90, 99, 239, 23, 22, 62)
HK17;16;64-bits KEM - HK17-O-64 - 8-bits version;16;(90, 216, 245, 5, 38, 17, 10, 49);(205, 74, 216, 147, 126, 108, 109, 30);192;15;210;197;[(61, 15), (244, 14), (199, 13), (33, 12), (20, 11), (217, 10), (166, 9), (121, 8), (26, 7), (240, 6), (195, 5), (216, 4), (131, 3), (94, 2), (20, 1), (26, 0)];[(12, 15), (7, 14), (173, 13), (48, 12), (173, 11), (43, 10), (38, 9), (5, 8), (35, 7), (231, 6), (105, 5), (137, 4), (229, 3), (63, 2), (241, 1), (119, 0)];(84, 12, 231, 55, 125, 114, 167, 226);(45, 73, 131, 187, 200, 86, 18, 73);(179, 51, 142, 152, 80, 51, 218, 166);(179, 51, 142, 152, 80, 51, 218, 166)
HK17;17;64-bits KEM - HK17-O-64 - 8-bits version;16;(233, 225, 43, 102, 167, 203, 199, 122);(107, 41, 96, 157, 114, 31, 108, 166);176;113;187;235;[(156, 15), (227, 14), (86, 13), (72, 12), (218, 11), (116, 10), (113, 9), (86, 8), (92, 7), (180, 6), (179, 5), (187, 4), (196, 3), (142, 2), (141, 1), (235, 0)];[(198, 15), (235, 14), (58, 13), (9, 12), (181, 11), (47, 10), (219, 9), (188, 8), (152, 7), (34, 6), (185, 5), (231, 4), (92, 3), (24, 2), (72, 1), (188, 0)];(245, 162, 12, 80, 228, 232, 32, 140);(39, 44, 114, 19, 24, 111, 33, 148);(72, 186, 99, 214, 55, 211, 37, 104);(72, 186, 99, 214, 55, 211, 37, 104)
HK17;18;64-bits KEM - HK17-O-64 - 8-bits version;16;(228, 241, 200, 226, 199, 48, 4, 49);(45, 203, 82, 118, 138, 97, 16, 134);193;181;160;160;[(108, 15), (113, 14), (116, 13), (25, 12), (103, 11), (66, 10), (237, 9), (81, 8), (196, 7), (129, 6), (160, 5), (126, 4), (13, 3), (250, 2), (120, 1), (212, 0)];[(29, 15), (209, 14), (26, 13), (30, 12), (23, 11), (240, 10), (238, 9), (132, 8), (10, 7), (144, 6), (2, 5), (29, 4), (149, 3), (160, 2), (246, 1), (173, 0)];(201, 155, 220, 109, 184, 182, 149, 31);(10, 194, 131, 113, 195, 202, 105, 212);(77, 193, 88, 130, 45, 205, 122, 110);(77, 193, 88, 130, 45, 205, 122, 110)
HK17;19;64-bits KEM - HK17-O-64 - 8-bits version;16;(16, 210, 41, 236, 3, 14, 64, 42);(40, 136, 101, 138, 208, 128, 169, 201);81;106;118;131;[(234, 15), (78, 14), (164, 13), (223, 12), (91, 11), (10, 10), (232, 9), (141, 8), (108, 7), (47, 6), (23, 5), (122, 4), (143, 3), (115, 2), (228, 1), (116, 0)];[(24, 15), (75, 14), (127, 13), (76, 12), (11, 11), (102, 10), (30, 9), (235, 8), (23, 7), (201, 6), (26, 5), (222, 4), (221, 3), (155, 2), (200, 1), (205, 0)];(149, 141, 220, 209, 151, 165, 198, 6);(74, 164, 121, 120, 58, 85, 20, 191);(231, 155, 90, 87, 158, 89, 34, 21);(231, 155, 90, 87, 158, 89, 34, 21)
HK17;20;64-bits KEM - HK17-O-64 - 8-bits version;16;(178, 68, 77, 183, 196, 136, 42, 139);(64, 83, 209, 30, 196, 131, 100, 152);51;231;134;127;[(247, 15), (14, 14), (195, 13), (245, 12), (186, 11), (17, 10), (30, 9), (132, 8), (31, 7), (223, 6), (60, 5), (194, 4), (156, 3), (121, 2), (163, 1), (231, 0)];[(98, 15), (59, 14), (104, 13), (51, 12), (158, 11), (199, 10), (2, 9), (71, 8), (90, 7), (148, 6), (178, 5), (58, 4), (108, 3), (7, 2), (15, 1), (3, 0)];(69, 30, 73, 22, 80, 64, 123, 193);(180, 7, 15, 96, 49, 51, 1, 204);(203, 157, 42, 152, 40, 32, 100, 215);(203, 157, 42, 152, 40, 32, 100, 215)
HK17;21;64-bits KEM - HK17-O-64 - 8-bits version;16;(242, 198, 172, 118, 245, 120, 135, 66);(160, 36, 63, 189, 114, 127, 178, 187);149;119;22;31;[(43, 15), (13, 14), (42, 13), (24, 12), (216, 11), (107, 10), (116, 9), (206, 8), (221, 7), (33, 6), (250, 5), (230, 4), (174, 3), (199, 2), (210, 1), (233, 0)];[(38, 15), (1, 14), (238, 13), (153, 12), (200, 11), (9, 10), (6, 9), (178, 8), (124, 7), (36, 6), (160, 5), (210, 4), (90, 3), (159, 2), (77, 1), (183, 0)];(65, 40, 208, 195, 119, 38, 47, 128);(190, 66, 106, 119, 178, 204, 145, 11);(66, 0, 230, 175, 114, 45, 196, 49);(66, 0, 230, 175, 114, 45, 196, 49)
HK17;22;64-bits KEM - HK17-O-64 - 8-bits version;16;(27, 38, 131, 132, 241, 107, 209, 141);(8, 69, 27, 196, 68, 231, 106, 143);50;92;27;78;[(212, 15), (8, 14), (57, 13), (219, 12), (116, 11), (141, 10), (242, 9), (234, 8), (247, 7), (166, 6), (39, 5), (173, 4), (141, 3), (183, 2), (235, 1), (1, 0)];[(180, 15), (235, 14), (172, 13), (154, 12), (15, 11), (133, 10), (121, 9), (164, 8), (133, 7), (157, 6), (70, 5), (109, 4), (107, 3), (113, 2), (127, 1), (167, 0)];(205, 95, 210, 10, 173, 216, 233, 129);(55, 124, 213, 111, 30, 92, 62, 238);(117, 177, 195, 83, 18, 125, 2, 223);(117, 177, 195, 83, 18, 125, 2, 223)
HK17;23;64-bits KEM - HK17-O-64 - 8-bits version;16;(115, 31, 180, 231, 104, 42, 65, 48);(206, 22, 160, 72, 163, 201, 174, 239);44;23;190;159;[(151, 15), (232, 14), (116, 13), (64, 12), (101, 11), (169, 10), (233, 9), (196, 8), (166, 7), (11, 6), (162, 5), (114, 4), (112, 3), (68, 2), (131, 1), (207, 0)];[(179, 15), (157, 14), (108, 13), (187, 12), (123, 11), (110, 10), (138, 9), (71, 8), (153, 7), (182, 6), (90, 5), (26, 4), (163, 3), (64, 2), (121, 1), (32, 0)];(175, 146, 199, 142, 174, 190, 112, 32);(169, 111, 123, 59, 31, 133, 172, 144);(186, 208, 96, 235, 220, 250, 117, 122);(186, 208, 96, 235, 220, 250, 117, 122)
HK17;24;64-bits KEM - HK17-O-64 - 8-bits version;16;(135, 37, 171, 242, 213, 184, 80, 170);(2, 241, 216, 226, 23, 184, 231, 226);84;184;7;21;[(229, 15), (49, 14), (202, 13), (16, 12), (245, 11), (219, 10), (203, 9), (51, 8), (103, 7), (202, 6), (197, 5), (181, 4), (236, 3), (116, 2), (138, 1), (81, 0)];[(31, 15), (85, 14), (180, 13), (194, 12), (153, 11), (45, 10), (218, 9), (79, 8), (108, 7), (188, 6), (38, 5), (240, 4), (167, 3), (185, 2), (197, 1), (203, 0)];(14, 138, 151, 150, 95, 210, 222, 218);(205, 135, 103, 12, 186, 7, 250, 124);(112, 186, 231, 137, 135, 125, 8, 136);(112, 186, 231, 137, 135, 125, 8, 136)
HK17;25;64-bits KEM - HK17-O-64 - 8-bits version;16;(36, 80, 45, 49, 10, 101, 108, 191);(228, 122, 60, 166, 115, 136, 210, 105);108;51;90;112;[(37, 15), (31, 14), (135, 13), (195, 12), (142, 11), (144, 10), (57, 9), (195, 8), (131, 7), (24, 6), (199, 5), (7, 4), (179, 3), (40, 2), (38, 1), (3, 0)];[(205, 15), (3, 14), (160, 13), (85, 12), (193, 11), (78, 10), (172, 9), (87, 8), (146, 7), (235, 6), (85, 5), (35, 4), (19, 3), (119, 2), (248, 1), (202, 0)];(120, 229, 84, 144, 193, 109, 239, 77);(8, 41, 10, 102, 29, 23, 54, 102);(218, 81, 141, 142, 43, 47, 40, 154);(218, 81, 141, 142, 43, 47, 40, 154)
HK17;26;64-bits KEM - HK17-O-64 - 8-bits version;16;(118, 61, 158, 159, 119, 104, 2, 54);(115, 19, 195, 142, 154, 188, 113, 120);117;239;95;24;[(65, 15), (81, 14), (120, 13), (121, 12), (196, 11), (113, 10), (100, 9), (192, 8), (86, 7), (11, 6), (31, 5), (92, 4), (3, 3), (16, 2), (97, 1), (94, 0)];[(90, 15), (230, 14), (10, 13), (9, 12), (37, 11), (14, 10), (46, 9), (83, 8), (107, 7), (196, 6), (216, 5), (160, 4), (33, 3), (35, 2), (129, 1), (163, 0)];(196, 59, 207, 50, 224, 145, 15, 170);(7, 71, 247, 151, 199, 75, 154, 188);(145, 12, 9, 171, 114, 158, 166, 235);(145, 12, 9, 171, 114, 158, 166, 235)
HK17;27;64-bits KEM - HK17-O-64 - 8-bits version;16;(88, 146, 20, 30, 41, 28, 185, 118);(159, 84, 50, 17, 149, 123, 116, 205);92;163;159;66;[(59, 15), (177, 14), (216, 13), (109, 12), (174, 11), (209, 10), (35, 9), (75, 8), (15, 7), (177, 6), (2, 5), (165, 4), (32, 3), (93, 2), (239, 1), (207, 0)];[(111, 15), (94, 14), (16, 13), (237, 12), (60, 11), (58, 10), (56, 9), (165, 8), (20, 7), (49, 6), (135, 5), (170, 4), (26, 3), (40, 2), (117, 1), (11, 0)];(131, 117, 180, 114, 155, 123, 152, 209);(244, 46, 5, 152, 146, 240, 207, 199);(156, 91, 191, 139, 7, 209, 219, 104);(156, 91, 191, 139, 7, 209, 219, 104)
HK17;28;64-bits KEM - HK17-O-64 - 8-bits version;16;(85, 52, 162, 117, 196, 221, 87, 29);(35, 219, 48, 122, 242, 152, 23, 241);57;78;206;68;[(221, 15), (15, 14), (145, 13), (149, 12), (58, 11), (102, 10), (9, 9), (56, 8), (155, 7), (246, 6), (164, 5), (116, 4), (224, 3), (62, 2), (214, 1), (87, 0)];[(9, 15), (219, 14), (58, 13), (35, 12), (244, 11), (153, 10), (143, 9), (151, 8), (52, 7), (185, 6), (111, 5), (185, 4), (8, 3), (148, 2), (161, 1), (112, 0)];(146, 44, 46, 94, 91, 206, 54, 33);(30, 207, 183, 206, 226, 235, 93, 54);(121, 37, 237, 183, 81, 204, 221, 183);(121, 37, 237, 183, 81, 204, 221, 183)
HK17;29;64-bits KEM - HK17-O-64 - 8-bits version;16;(97, 236, 194, 151, 2, 226, 34, 199);(43, 3, 121, 90, 222, 93, 77, 186);84;94;95;20;[(219, 15), (79, 14), (60, 13), (29, 12), (169, 11), (42, 10), (4, 9), (192, 8), (119, 7), (238, 6), (69, 5), (186, 4), (87, 3), (103, 2), (57, 1), (151, 0)];[(152, 15), (150, 14), (47, 13), (150, 12), (211, 11), (143, 10), (163, 9), (216, 8), (218, 7), (107, 6), (165, 5), (52, 4), (211, 3), (13, 2), (52, 1), (170, 0)];(20, 158, 226, 102, 241, 239, 112, 126);(170, 131, 88, 183, 138, 86, 126, 142);(29, 216, 59, 80, 85, 11, 98, 143);(29, 216, 59, 80, 85, 11, 98, 143)
HK17;30;64-bits KEM - HK17-O-64 - 8-bits version;16;(179, 236, 208, 75, 96, 154, 1, 168);(72, 90, 224, 1, 124, 69, 104, 156);177;165;173;212;[(116, 15), (118, 14), (39, 13), (117, 12), (238, 11), (44, 10), (140, 9), (9, 8), (245, 7), (107, 6), (75, 5), (65, 4), (97, 3), (245, 2), (190, 1), (60, 0)];[(11, 15), (133, 14), (8, 13), (97, 12), (99, 11), (173, 10), (95, 9), (33, 8), (67, 7), (7, 6), (243, 5), (151, 4), (5, 3), (139, 2), (149, 1), (24, 0)];(208, 172, 134, 129, 156, 184, 139, 220);(206, 227, 113, 87, 237, 105, 166, 27);(46, 79, 13, 190, 171, 90, 65, 48);(46, 79, 13, 190, 171, 90, 65, 48)
HK17;31;64-bits KEM - HK17-O-64 - 8-bits version;16;(168, 181, 16, 54, 53, 122, 179, 84);(152, 223, 63, 121, 123, 52, 23, 50);186;222;205;162;[(208, 15), (164, 14), (193, 13), (241, 12), (222, 11), (26, 10), (165, 9), (18, 8), (1, 7), (244, 6), (201, 5), (79, 4), (181, 3), (22, 2), (220, 1), (213, 0)];[(22, 15), (33, 14), (177, 13), (75, 12), (218, 11), (245, 10), (10, 9), (185, 8), (175, 7), (240, 6), (226, 5), (149, 4), (210, 3), (184, 2), (120, 1), (217, 0)];(199, 78, 237, 86, 11, 96, 195, 122);(173, 28, 245, 72, 113, 243, 44, 151);(159, 110, 114, 186, 244, 186, 70, 97);(159, 110, 114, 186, 244, 186, 70, 97)
HK17;32;64-bits KEM - HK17-O-64 - 8-bits version;16;(54, 213, 216, 47, 176, 179, 15, 239);(135, 98, 29, 218, 103, 67, 225, 206);31;95;97;55;[(183, 15), (4, 14), (209, 13), (43, 12), (34, 11), (183, 10), (88, 9), (68, 8), (211, 7), (14, 6), (33, 5), (173, 4), (42, 3), (157, 2), (18, 1), (227, 0)];[(179, 15), (163, 14), (75, 13), (29, 12), (31, 11), (170, 10), (98, 9), (132, 8), (181, 7), (147, 6), (69, 5), (36, 4), (238, 3), (127, 2), (78, 1), (232, 0)];(158, 214, 103, 188, 229, 219, 126, 137);(48, 152, 109, 143, 215, 157, 142, 181);(57, 141, 118, 72, 135, 203, 9, 49);(57, 141, 118, 72, 135, 203, 9, 49)
HK17;33;64-bits KEM - HK17-O-64 - 8-bits version;16;(17, 155, 77, 186, 103, 242, 147, 96);(138, 24, 28, 146, 182, 146, 45, 166);210;93;207;35;[(242, 15), (120, 14), (146, 13), (36, 12), (210, 11), (250, 10), (175, 9), (40, 8), (159, 7), (187, 6), (185, 5), (136, 4), (79, 3), (104, 2), (119, 1), (227, 0)];[(161, 15), (139, 14), (86, 13), (226, 12), (98, 11), (101, 10), (124, 9), (38, 8), (231, 7), (30, 6), (209, 5), (66, 4), (16, 3), (42, 2), (58, 1), (189, 0)];(233, 198, 188, 237, 121, 112, 13, 187);(27, 76, 137, 229, 242, 80, 76, 162);(26, 134, 200, 146, 20, 17, 238, 17);(26, 134, 200, 146, 20, 17, 238, 17)
HK17;34;64-bits KEM - HK17-O-64 - 8-bits version;16;(58, 161, 94, 177, 88, 213, 147, 243);(187, 17, 201, 41, 207, 127, 215, 116);186;48;188;255;[(128, 15), (21, 14), (8, 13), (51, 12), (130, 11), (123, 10), (167, 9), (79, 8), (250, 7), (227, 6), (46, 5), (119, 4), (155, 3), (62, 2), (190, 1), (163, 0)];[(80, 15), (89, 14), (233, 13), (54, 12), (93, 11), (38, 10), (9, 9), (18, 8), (192, 7), (245, 6), (148, 5), (73, 4), (89, 3), (53, 2), (39, 1), (61, 0)];(35, 208, 64, 216, 174, 75, 169, 113);(74, 81, 55, 16, 93, 195, 237, 204);(146, 177, 30, 8, 188, 178, 59, 152);(146, 177, 30, 8, 188, 178, 59, 152)
HK17;35;64-bits KEM - HK17-O-64 - 8-bits version;16;(87, 153, 212, 205, 3, 46, 34, 93);(129, 13, 118, 90, 63, 145, 41, 139);123;204;12;100;[(112, 15), (202, 14), (65, 13), (62, 12), (63, 11), (55, 10), (29, 9), (214, 8), (64, 7), (246, 6), (153, 5), (107, 4), (99, 3), (37, 2), (46, 1), (34, 0)];[(217, 15), (126, 14), (167, 13), (109, 12), (164, 11), (62, 10), (63, 9), (111, 8), (194, 7), (54, 6), (7, 5), (116, 4), (163, 3), (71, 2), (186, 1), (123, 0)];(103, 18, 47, 160, 89, 110, 210, 34);(30, 217, 196, 8, 14, 130, 211, 65);(190, 130, 105, 42, 31, 74, 166, 54);(190, 130, 105, 42, 31, 74, 166, 54)
HK17;36;64-bits KEM - HK17-O-64 - 8-bits version;16;(143, 164, 27, 43, 102, 122, 51, 115);(111, 84, 113, 89, 210, 158, 36, 210);219;14;142;67;[(150, 15), (125, 14), (95, 13), (237, 12), (119, 11), (126, 10), (169, 9), (37, 8), (230, 7), (94, 6), (242, 5), (68, 4), (162, 3), (76, 2), (43, 1), (197, 0)];[(9, 15), (94, 14), (74, 13), (135, 12), (128, 11), (195, 10), (17, 9), (132, 8), (229, 7), (137, 6), (195, 5), (44, 4), (209, 3), (176, 2), (244, 1), (48, 0)];(174, 203, 176, 215, 134, 31, 96, 13);(48, 71, 121, 37, 89, 37, 157, 163);(70, 57, 246, 206, 185, 78, 54, 213);(70, 57, 246, 206, 185, 78, 54, 213)
HK17;37;64-bits KEM - HK17-O-64 - 8-bits version;16;(112, 112, 82, 202, 36, 148, 68, 72);(116, 173, 15, 7, 24, 127, 24, 5);21;181;193;102;[(46, 15), (84, 14), (250, 13), (233, 12), (154, 11), (165, 10), (95, 9), (95, 8), (198, 7), (52, 6), (144, 5), (78, 4), (54, 3), (184, 2), (42, 1), (2, 0)];[(111, 15), (187, 14), (124, 13), (157, 12), (155, 11), (65, 10), (99, 9), (243, 8), (148, 7), (75, 6), (7, 5), (76, 4), (2, 3), (19, 2), (37, 1), (153, 0)];(189, 64, 57, 185, 99, 177, 22, 169);(20, 235, 10, 202, 124, 88, 137, 178);(241, 220, 117, 156, 87, 243, 150, 145);(241, 220, 117, 156, 87, 243, 150, 145)
HK17;38;64-bits KEM - HK17-O-64 - 8-bits version;16;(160, 17, 226, 157, 119, 104, 80, 222);(50, 9, 16, 46, 236, 76, 73, 11);175;49;82;104;[(60, 15), (243, 14), (186, 13), (73, 12), (115, 11), (62, 10), (78, 9), (123, 8), (107, 7), (112, 6), (133, 5), (121, 4), (161, 3), (141, 2), (21, 1), (72, 0)];[(57, 15), (183, 14), (134, 13), (18, 12), (209, 11), (16, 10), (174, 9), (80, 8), (1, 7), (224, 6), (148, 5), (81, 4), (127, 3), (49, 2), (139, 1), (248, 0)];(26, 81, 208, 234, 108, 179, 119, 205);(156, 130, 102, 12, 15, 46, 6, 137);(41, 83, 243, 89, 62, 156, 92, 52);(41, 83, 243, 89, 62, 156, 92, 52)
HK17;39;64-bits KEM - HK17-O-64 - 8-bits version;16;(65, 188, 214, 59, 249, 156, 185, 99);(72, 247, 95, 214, 157, 234, 10, 194);165;255;52;137;[(18, 15), (150, 14), (90, 13), (147, 12), (47, 11), (153, 10), (13, 9), (69, 8), (180, 7), (209, 6), (221, 5), (107, 4), (46, 3), (164, 2), (55, 1), (81, 0)];[(35, 15), (2, 14), (73, 13), (62, 12), (47, 11), (137, 10), (76, 9), (243, 8), (111, 7), (142, 6), (230, 5), (139, 4), (90, 3), (42, 2), (173, 1), (53, 0)];(104, 50, 193, 86, 171, 87, 126, 85);(183, 179, 65, 131, 126, 30, 174, 102);(97, 147, 66, 245, 182, 127, 84, 231);(97, 147, 66, 245, 182, 127, 84, 231)
HK17;40;64-bits KEM - HK17-O-64 - 8-bits version;16;(21, 221, 144, 67, 184, 30, 202, 151);(200, 134, 88, 144, 152, 159, 24, 8);135;24;202;168;[(222, 15), (244, 14), (20, 13), (104, 12), (137, 11), (245, 10), (17, 9), (145, 8), (18, 7), (205, 6), (158, 5), (236, 4), (228, 3), (140, 2), (27, 1), (186, 0)];[(59, 15), (222, 14), (146, 13), (115, 12), (149, 11), (51, 10), (138, 9), (38, 8), (46, 7), (173, 6), (202, 5), (108, 4), (186, 3), (121, 2), (77, 1), (10, 0)];(37, 168, 17, 155, 171, 150, 173, 6);(223, 188, 128, 215, 99, 228, 239, 68);(238, 33, 5, 89, 117, 101, 63, 68);(238, 33, 5, 89, 117, 101, 63, 68)
HK17;41;64-bits KEM - HK17-O-64 - 8-bits version;16;(169, 140, 74, 158, 106, 212, 241, 8);(71, 80, 209, 14, 101, 218, 208, 146);99;153;70;209;[(199, 15), (172, 14), (43, 13), (161, 12), (162, 11), (101, 10), (94, 9), (250, 8), (168, 7), (78, 6), (122, 5), (179, 4), (89, 3), (93, 2), (73, 1), (195, 0)];[(165, 15), (60, 14), (39, 13), (198, 12), (124, 11), (37, 10), (34, 9), (206, 8), (55, 7), (2, 6), (10, 5), (76, 4), (166, 3), (216, 2), (82, 1), (201, 0)];(93, 75, 226, 47, 32, 58, 142, 225);(158, 101, 144, 31, 201, 215, 69, 248);(161, 181, 187, 21, 250, 158, 129, 248);(161, 181, 187, 21, 250, 158, 129, 248)
HK17;42;64-bits KEM - HK17-O-64 - 8-bits version;16;(43, 11, 198, 205, 189, 62, 142, 201);(171, 250, 26, 45, 204, 29, 17, 86);26;102;151;43;[(201, 15), (199, 14), (38, 13), (158, 12), (133, 11), (223, 10), (188, 9), (217, 8), (116, 7), (222, 6), (41, 5), (234, 4), (100, 3), (153, 2), (77, 1), (15, 0)];[(82, 15), (240, 14), (46, 13), (194, 12), (18, 11), (48, 10), (147, 9), (137, 8), (35, 7), (95, 6), (40, 5), (11, 4), (47, 3), (41, 2), (171, 1), (219, 0)];(223, 249, 67, 115, 192, 176, 242, 246);(8, 96, 7, 140, 220, 26, 12, 36);(30, 193, 186, 241, 74, 188, 250, 31);(30, 193, 186, 241, 74, 188, 250, 31)
HK17;43;64-bits KEM - HK17-O-64 - 8-bits version;16;(5, 157, 241, 208, 163, 223, 243, 244);(7, 192, 135, 14, 61, 69, 159, 238);30;229;212;32;[(4, 15), (169, 14), (219, 13), (230, 12), (138, 11), (68, 10), (229, 9), (156, 8), (235, 7), (174, 6), (12, 5), (8, 4), (53, 3), (178, 2), (120, 1), (244, 0)];[(105, 15), (34, 14), (222, 13), (144, 12), (190, 11), (77, 10), (85, 9), (124, 8), (83, 7), (193, 6), (238, 5), (89, 4), (113, 3), (189, 2), (67, 1), (165, 0)];(165, 182, 137, 33, 178, 247, 190, 59);(159, 208, 28, 182, 191, 218, 167, 195);(173, 145, 108, 240, 60, 77, 112, 27);(173, 145, 108, 240, 60, 77, 112, 27)
HK17;44;64-bits KEM - HK17-O-64 - 8-bits version;16;(121, 206, 35, 186, 212, 181, 236, 55);(45, 217, 162, 226, 32, 87, 94, 84);252;95;185;6;[(72, 15), (11, 14), (232, 13), (10, 12), (212, 11), (221, 10), (250, 9), (217, 8), (42, 7), (122, 6), (157, 5), (221, 4), (207, 3), (238, 2), (133, 1), (191, 0)];[(213, 15), (52, 14), (31, 13), (89, 12), (198, 11), (73, 10), (47, 9), (113, 8), (38, 7), (187, 6), (10, 5), (40, 4), (145, 3), (114, 2), (71, 1), (58, 0)];(39, 229, 232, 201, 8, 101, 146, 197);(133, 129, 32, 178, 79, 145, 241, 114);(88, 9, 103, 247, 56, 206, 97, 99);(88, 9, 103, 247, 56, 206, 97, 99)
HK17;45;64-bits KEM - HK17-O-64 - 8-bits version;16;(182, 27, 141, 80, 30, 92, 103, 71);(2, 22, 63, 174, 140, 56, 183, 150);242;30;193;129;[(46, 15), (180, 14), (119, 13), (82, 12), (69, 11), (166, 10), (97, 9), (137, 8), (1, 7), (88, 6), (81, 5), (98, 4), (162, 3), (228, 2), (46, 1), (26, 0)];[(176, 15), (127, 14), (136, 13), (150, 12), (112, 11), (109, 10), (223, 9), (41, 8), (16, 7), (133, 6), (88, 5), (167, 4), (205, 3), (232, 2), (4, 1), (72, 0)];(223, 224, 145, 36, 120, 80, 8, 100);(178, 94, 108, 6, 87, 206, 185, 98);(246, 125, 43, 162, 223, 92, 112, 135);(246, 125, 43, 162, 223, 92, 112, 135)
HK17;46;64-bits KEM - HK17-O-64 - 8-bits version;16;(187, 211, 168, 22, 180, 150, 27, 187);(131, 30, 100, 177, 30, 193, 136, 218);27;107;132;100;[(55, 15), (187, 14), (161, 13), (205, 12), (219, 11), (57, 10), (45, 9), (75, 8), (20, 7), (57, 6), (122, 5), (105, 4), (126, 3), (166, 2), (66, 1), (145, 0)];[(32, 15), (172, 14), (228, 13), (2, 12), (200, 11), (241, 10), (61, 9), (40, 8), (204, 7), (186, 6), (174, 5), (31, 4), (115, 3), (59, 2), (30, 1), (166, 0)];(169, 54, 1, 167, 222, 176, 115, 52);(168, 142, 189, 15, 96, 192, 207, 211);(247, 213, 102, 92, 87, 154, 185, 159);(247, 213, 102, 92, 87, 154, 185, 159)
HK17;47;64-bits KEM - HK17-O-64 - 8-bits version;16;(221, 121, 185, 0, 229, 30, 135, 46);(107, 66, 34, 157, 240, 119, 184, 81);175;43;4;233;[(97, 15), (40, 14), (64, 13), (236, 12), (108, 11), (232, 10), (44, 9), (87, 8), (142, 7), (149, 6), (22, 5), (120, 4), (169, 3), (31, 2), (164, 1), (60, 0)];[(236, 15), (106, 14), (232, 13), (236, 12), (118, 11), (91, 10), (226, 9), (26, 8), (40, 7), (149, 6), (59, 5), (199, 4), (126, 3), (76, 2), (39, 1), (223, 0)];(35, 21, 76, 64, 174, 39, 76, 37);(246, 157, 70, 102, 161, 224, 92, 88);(240, 34, 45, 66, 0, 159, 105, 164);(240, 34, 45, 66, 0, 159, 105, 164)
HK17;48;64-bits KEM - HK17-O-64 - 8-bits version;16;(37, 90, 158, 140, 189, 64, 7, 11);(106, 201, 154, 56, 200, 232, 142, 154);242;119;53;41;[(36, 15), (133, 14), (26, 13), (113, 12), (246, 11), (27, 10), (177, 9), (116, 8), (53, 7), (131, 6), (130, 5), (18, 4), (98, 3), (92, 2), (108, 1), (203, 0)];[(44, 15), (70, 14), (72, 13), (20, 12), (37, 11), (226, 10), (197, 9), (107, 8), (61, 7), (186, 6), (52, 5), (29, 4), (133, 3), (8, 2), (185, 1), (55, 0)];(80, 77, 77, 75, 128, 39, 79, 210);(152, 182, 160, 233, 147, 213, 144, 82);(149, 232, 45, 202, 195, 142, 5, 235);(149, 232, 45, 202, 195, 142, 5, 235)
HK17;49;64-bits KEM - HK17-O-64 - 8-bits version;16;(56, 118, 58, 215, 41, 234, 78, 137);(185, 105, 186, 39, 73, 131, 81, 154);75;182;152;41;[(113, 15), (128, 14), (142, 13), (205, 12), (159, 11), (235, 10), (32, 9), (148, 8), (190, 7), (136, 6), (17, 5), (238, 4), (223, 3), (99, 2), (65, 1), (85, 0)];[(79, 15), (56, 14), (83, 13), (242, 12), (78, 11), (24, 10), (34, 9), (191, 8), (138, 7), (245, 6), (137, 5), (91, 4), (150, 3), (149, 2), (96, 1), (200, 0)];(130, 98, 218, 205, 192, 208, 96, 138);(214, 74, 158, 218, 10, 154, 215, 155);(188, 221, 77, 10, 195, 43, 194, 232);(188, 221, 77, 10, 195, 43, 194, 232)
HK17;50;64-bits KEM - HK17-O-64 - 8-bits version;16;(156, 44, 117, 104, 93, 210, 155, 206);(2, 34, 176, 21, 201, 98, 152, 189);126;245;243;214;[(156, 15), (109, 14), (63, 13), (18, 12), (53, 11), (26, 10), (194, 9), (202, 8), (42, 7), (175, 6), (112, 5), (183, 4), (96, 3), (117, 2), (117, 1), (143, 0)];[(218, 15), (31, 14), (78, 13), (40, 12), (115, 11), (33, 10), (135, 9), (109, 8), (204, 7), (164, 6), (172, 5), (164, 4), (228, 3), (117, 2), (128, 1), (153, 0)];(226, 37, 248, 232, 102, 29, 159, 122);(22, 58, 55, 107, 159, 165, 174, 142);(51, 233, 245, 58, 227, 23, 10, 45);(51, 233, 245, 58, 227, 23, 10, 45)
HK17;51;64-bits KEM - HK17-O-64 - 8-bits version;16;(148, 45, 218, 192, 171, 60, 157, 172);(84, 78, 203, 58, 4, 90, 141, 226);222;77;131;74;[(169, 15), (150, 14), (249, 13), (95, 12), (169, 11), (204, 10), (145, 9), (119, 8), (51, 7), (78, 6), (74, 5), (213, 4), (248, 3), (46, 2), (29, 1), (198, 0)];[(201, 15), (151, 14), (160, 13), (68, 12), (192, 11), (13, 10), (62, 9), (219, 8), (83, 7), (175, 6), (98, 5), (153, 4), (192, 3), (1, 2), (143, 1), (111, 0)];(190, 101, 100, 69, 28, 111, 4, 184);(177, 241, 240, 239, 182, 97, 169, 53);(119, 181, 163, 195, 208, 28, 9, 225);(119, 181, 163, 195, 208, 28, 9, 225)
HK17;52;64-bits KEM - HK17-O-64 - 8-bits version;16;(97, 51, 44, 126, 238, 28, 56, 155);(215, 152, 213, 107, 45, 75, 30, 191);187;189;127;123;[(87, 15), (170, 14), (60, 13), (227, 12), (177, 11), (245, 10), (17, 9), (146, 8), (179, 7), (27, 6), (136, 5), (28, 4), (30, 3), (195, 2), (11, 1), (31, 0)];[(82, 15), (24, 14), (111, 13), (90, 12), (247, 11), (207, 10), (112, 9), (23, 8), (127, 7), (147, 6), (183, 5), (47, 4), (32, 3), (14, 2), (96, 1), (158, 0)];(186, 50, 173, 212, 154, 79, 52, 210);(127, 33, 1, 134, 241, 142, 44, 241);(66, 239, 37, 13, 25, 84, 106, 25);(66, 239, 37, 13, 25, 84, 106, 25)
HK17;53;64-bits KEM - HK17-O-64 - 8-bits version;16;(142, 22, 113, 246, 161, 29, 9, 116);(161, 108, 72, 211, 20, 205, 23, 250);171;107;112;100;[(45, 15), (58, 14), (153, 13), (46, 12), (123, 11), (111, 10), (163, 9), (26, 8), (175, 7), (22, 6), (217, 5), (49, 4), (156, 3), (65, 2), (82, 1), (115, 0)];[(192, 15), (148, 14), (94, 13), (134, 12), (156, 11), (63, 10), (197, 9), (43, 8), (153, 7), (237, 6), (7, 5), (108, 4), (28, 3), (36, 2), (90, 1), (101, 0)];(243, 132, 10, 82, 241, 11, 13, 72);(108, 38, 39, 45, 234, 170, 31, 236);(113, 124, 58, 106, 45, 39, 46, 155);(113, 124, 58, 106, 45, 39, 46, 155)
HK17;54;64-bits KEM - HK17-O-64 - 8-bits version;16;(69, 109, 68, 220, 246, 211, 213, 171);(212, 171, 209, 95, 21, 249, 165, 131);73;168;143;45;[(28, 15), (116, 14), (128, 13), (217, 12), (11, 11), (8, 10), (7, 9), (6, 8), (76, 7), (52, 6), (44, 5), (166, 4), (7, 3), (223, 2), (208, 1), (135, 0)];[(94, 15), (9, 14), (28, 13), (144, 12), (83, 11), (127, 10), (212, 9), (4, 8), (110, 7), (44, 6), (108, 5), (232, 4), (101, 3), (84, 2), (136, 1), (138, 0)];(144, 121, 57, 9, 72, 49, 133, 214);(226, 3, 249, 49, 238, 61, 135, 193);(236, 229, 37, 161, 12, 116, 240, 159);(236, 229, 37, 161, 12, 116, 240, 159)
HK17;55;64-bits KEM - HK17-O-64 - 8-bits version;16;(201, 62, 54, 199, 168, 6, 217, 164);(91, 51, 75, 142, 151, 42, 242, 106);177;150;110;156;[(155, 15), (191, 14), (102, 13), (218, 12), (171, 11), (21, 10), (127, 9), (79, 8), (120, 7), (158, 6), (53, 5), (241, 4), (245, 3), (182, 2), (199, 1), (48, 0)];[(148, 15), (162, 14), (165, 13), (178, 12), (12, 11), (151, 10), (129, 9), (244, 8), (111, 7), (136, 6), (143, 5), (40, 4), (119, 3), (222, 2), (163, 1), (180, 0)];(170, 46, 181, 83, 53, 133, 238, 94);(3, 130, 29, 54, 196, 240, 123, 151);(129, 200, 11, 222, 28, 163, 182, 61);(129, 200, 11, 222, 28, 163, 182, 61)
HK17;56;64-bits KEM - HK17-O-64 - 8-bits version;16;(58, 19, 62, 146, 173, 133, 51, 53);(133, 37, 31, 182, 142, 7, 101, 143);80;156;189;140;[(167, 15), (229, 14), (4, 13), (151, 12), (93, 11), (48, 10), (79, 9), (55, 8), (186, 7), (106, 6), (183, 5), (55, 4), (206, 3), (245, 2), (60, 1), (80, 0)];[(10, 15), (16, 14), (68, 13), (238, 12), (97, 11), (229, 10), (90, 9), (213, 8), (179, 7), (200, 6), (72, 5), (158, 4), (118, 3), (154, 2), (7, 1), (93, 0)];(151, 168, 214, 239, 40, 31, 150, 203);(52, 73, 95, 184, 66, 218, 119, 124);(213, 1, 22, 61, 205, 249, 19, 0);(213, 1, 22, 61, 205, 249, 19, 0)
HK17;57;64-bits KEM - HK17-O-64 - 8-bits version;16;(48, 198, 132, 120, 10, 136, 190, 4);(25, 222, 110, 168, 84, 5, 219, 9);253;221;110;151;[(62, 15), (96, 14), (90, 13), (30, 12), (240, 11), (217, 10), (174, 9), (127, 8), (21, 7), (133, 6), (185, 5), (249, 4), (158, 3), (7, 2), (79, 1), (7, 0)];[(168, 15), (73, 14), (94, 13), (26, 12), (115, 11), (176, 10), (74, 9), (203, 8), (77, 7), (206, 6), (133, 5), (83, 4), (215, 3), (126, 2), (187, 1), (33, 0)];(77, 66, 72, 110, 226, 125, 133, 174);(60, 25, 98, 182, 192, 208, 67, 48);(222, 150, 116, 100, 45, 154, 47, 10);(222, 150, 116, 100, 45, 154, 47, 10)
HK17;58;64-bits KEM - HK17-O-64 - 8-bits version;16;(158, 163, 246, 156, 18, 79, 215, 39);(145, 117, 199, 8, 193, 180, 133, 9);62;228;30;216;[(109, 15), (212, 14), (213, 13), (164, 12), (221, 11), (139, 10), (187, 9), (98, 8), (9, 7), (245, 6), (146, 5), (197, 4), (209, 3), (177, 2), (203, 1), (68, 0)];[(25, 15), (120, 14), (51, 13), (56, 12), (62, 11), (233, 10), (182, 9), (234, 8), (56, 7), (168, 6), (212, 5), (249, 4), (147, 3), (39, 2), (35, 1), (179, 0)];(178, 193, 148, 128, 153, 236, 3, 182);(124, 122, 135, 214, 92, 138, 30, 223);(187, 102, 157, 63, 99, 53, 159, 51);(187, 102, 157, 63, 99, 53, 159, 51)
HK17;59;64-bits KEM - HK17-O-64 - 8-bits version;16;(69, 91, 77, 1, 9, 20, 244, 26);(245, 148, 167, 235, 221, 204, 180, 186);104;65;88;141;[(7, 15), (69, 14), (183, 13), (92, 12), (78, 11), (105, 10), (79, 9), (201, 8), (214, 7), (191, 6), (73, 5), (115, 4), (231, 3), (225, 2), (84, 1), (168, 0)];[(47, 15), (186, 14), (30, 13), (113, 12), (71, 11), (238, 10), (28, 9), (174, 8), (39, 7), (52, 6), (243, 5), (72, 4), (28, 3), (214, 2), (16, 1), (212, 0)];(58, 132, 9, 84, 107, 105, 29, 68);(46, 201, 205, 58, 50, 241, 119, 165);(70, 164, 132, 176, 91, 163, 224, 99);(70, 164, 132, 176, 91, 163, 224, 99)
HK17;60;64-bits KEM - HK17-O-64 - 8-bits version;16;(25, 28, 216, 179, 130, 117, 215, 157);(107, 72, 37, 220, 36, 118, 235, 146);2;133;141;21;[(156, 15), (16, 14), (153, 13), (43, 12), (154, 11), (232, 10), (214, 9), (98, 8), (22, 7), (213, 6), (207, 5), (240, 4), (78, 3), (208, 2), (176, 1), (8, 0)];[(109, 15), (184, 14), (100, 13), (225, 12), (61, 11), (249, 10), (94, 9), (92, 8), (233, 7), (96, 6), (235, 5), (242, 4), (18, 3), (3, 2), (232, 1), (41, 0)];(25, 171, 121, 212, 98, 8, 111, 211);(207, 43, 192, 101, 42, 106, 196, 134);(61, 174, 133, 173, 205, 70, 164, 167);(61, 174, 133, 173, 205, 70, 164, 167)
HK17;61;64-bits KEM - HK17-O-64 - 8-bits version;16;(44, 28, 195, 50, 82, 175, 142, 56);(78, 148, 65, 194, 191, 239, 69, 96);158;119;163;170;[(96, 15), (216, 14), (144, 13), (70, 12), (5, 11), (37, 10), (38, 9), (90, 8), (175, 7), (224, 6), (54, 5), (36, 4), (212, 3), (183, 2), (247, 1), (57, 0)];[(16, 15), (37, 14), (41, 13), (101, 12), (27, 11), (94, 10), (36, 9), (46, 8), (228, 7), (3, 6), (149, 5), (129, 4), (236, 3), (88, 2), (37, 1), (11, 0)];(72, 155, 73, 100, 44, 187, 227, 232);(33, 214, 85, 13, 161, 10, 109, 70);(49, 228, 51, 16, 85, 188, 26, 24);(49, 228, 51, 16, 85, 188, 26, 24)
HK17;62;64-bits KEM - HK17-O-64 - 8-bits version;16;(126, 205, 221, 136, 75, 214, 25, 211);(157, 188, 172, 25, 143, 247, 237, 51);230;34;244;234;[(119, 15), (178, 14), (234, 13), (56, 12), (105, 11), (156, 10), (31, 9), (99, 8), (86, 7), (208, 6), (88, 5), (245, 4), (239, 3), (150, 2), (94, 1), (249, 0)];[(55, 15), (120, 14), (227, 13), (176, 12), (249, 11), (249, 10), (61, 9), (11, 8), (58, 7), (2, 6), (102, 5), (31, 4), (132, 3), (155, 2), (203, 1), (165, 0)];(114, 133, 47, 0, 2, 215, 11, 140);(47, 160, 250, 22, 30, 163, 50, 121);(172, 99, 46, 0, 228, 56, 124, 224);(172, 99, 46, 0, 228, 56, 124, 224)
HK17;63;64-bits KEM - HK17-O-64 - 8-bits version;16;(30, 147, 174, 112, 8, 124, 84, 205);(58, 55, 167, 202, 206, 239, 195, 109);212;86;11;231;[(38, 15), (187, 14), (13, 13), (231, 12), (76, 11), (70, 10), (62, 9), (243, 8), (41, 7), (79, 6), (91, 5), (149, 4), (88, 3), (104, 2), (135, 1), (206, 0)];[(99, 15), (162, 14), (41, 13), (133, 12), (71, 11), (222, 10), (227, 9), (216, 8), (28, 7), (50, 6), (243, 5), (246, 4), (132, 3), (140, 2), (54, 1), (38, 0)];(198, 186, 203, 86, 102, 205, 150, 22);(55, 121, 17, 159, 5, 49, 63, 149);(8, 88, 220, 41, 235, 36, 140, 100);(8, 88, 220, 41, 235, 36, 140, 100)
HK17;64;64-bits KEM - HK17-O-64 - 8-bits version;16;(222, 3, 31, 121, 66, 98, 154, 179);(60, 171, 103, 90, 100, 124, 203, 53);112;157;8;104;[(245, 15), (119, 14), (53, 13), (240, 12), (62, 11), (85, 10), (108, 9), (211, 8), (192, 7), (190, 6), (136, 5), (110, 4), (53, 3), (31, 2), (156, 1), (7, 0)];[(40, 15), (118, 14), (223, 13), (199, 12), (194, 11), (123, 10), (97, 9), (13, 8), (183, 7), (94, 6), (76, 5), (204, 4), (219, 3), (41, 2), (65, 1), (35, 0)];(86, 197, 112, 220, 133, 3, 244, 200);(166, 92, 43, 54, 105, 240, 67, 125);(246, 191, 236, 163, 157, 193, 233, 60);(246, 191, 236, 163, 157, 193, 233, 60)
HK17;65;64-bits KEM - HK17-O-64 - 8-bits version;16;(75, 245, 103, 122, 175, 40, 225, 135);(183, 35, 31, 117, 102, 65, 236, 98);118;162;233;125;[(242, 15), (118, 14), (115, 13), (245, 12), (32, 11), (173, 10), (159, 9), (172, 8), (29, 7), (207, 6), (92, 5), (155, 4), (56, 3), (128, 2), (187, 1), (36, 0)];[(29, 15), (109, 14), (118, 13), (174, 12), (158, 11), (108, 10), (77, 9), (193, 8), (80, 7), (14, 6), (55, 5), (93, 4), (232, 3), (59, 2), (222, 1), (155, 0)];(137, 114, 58, 69, 158, 161, 243, 112);(168, 192, 199, 205, 125, 115, 134, 148);(134, 106, 222, 38, 82, 185, 41, 223);(134, 106, 222, 38, 82, 185, 41, 223)
HK17;66;64-bits KEM - HK17-O-64 - 8-bits version;16;(33, 83, 152, 102, 69, 28, 139, 84);(89, 47, 14, 72, 99, 206, 80, 173);106;189;6;142;[(87, 15), (106, 14), (32, 13), (172, 12), (30, 11), (194, 10), (22, 9), (139, 8), (25, 7), (231, 6), (119, 5), (101, 4), (140, 3), (150, 2), (92, 1), (54, 0)];[(7, 15), (90, 14), (246, 13), (113, 12), (58, 11), (94, 10), (16, 9), (192, 8), (245, 7), (132, 6), (17, 5), (160, 4), (11, 3), (105, 2), (98, 1), (12, 0)];(144, 245, 138, 131, 59, 91, 127, 157);(196, 2, 11, 47, 233, 160, 160, 227);(116, 158, 192, 96, 11, 173, 126, 142);(116, 158, 192, 96, 11, 173, 126, 142)
HK17;67;64-bits KEM - HK17-O-64 - 8-bits version;16;(16, 89, 24, 245, 231, 164, 186, 130);(241, 60, 103, 74, 64, 27, 222, 224);248;85;52;136;[(164, 15), (12, 14), (225, 13), (116, 12), (133, 11), (217, 10), (125, 9), (231, 8), (239, 7), (110, 6), (245, 5), (212, 4), (229, 3), (119, 2), (1, 1), (81, 0)];[(50, 15), (59, 14), (105, 13), (173, 12), (114, 11), (145, 10), (210, 9), (189, 8), (71, 7), (210, 6), (144, 5), (106, 4), (230, 3), (207, 2), (90, 1), (241, 0)];(192, 22, 38, 71, 119, 152, 184, 99);(121, 110, 37, 22, 138, 56, 112, 120);(113, 130, 229, 96, 33, 220, 135, 230);(113, 130, 229, 96, 33, 220, 135, 230)
HK17;68;64-bits KEM - HK17-O-64 - 8-bits version;16;(193, 53, 81, 207, 78, 184, 166, 74);(38, 133, 133, 136, 243, 101, 68, 229);117;185;168;97;[(20, 15), (11, 14), (218, 13), (124, 12), (245, 11), (186, 10), (19, 9), (156, 8), (184, 7), (1, 6), (113, 5), (225, 4), (143, 3), (111, 2), (246, 1), (72, 0)];[(236, 15), (199, 14), (220, 13), (160, 12), (173, 11), (205, 10), (162, 9), (143, 8), (98, 7), (182, 6), (222, 5), (114, 4), (216, 3), (106, 2), (149, 1), (210, 0)];(117, 147, 120, 29, 39, 163, 34, 62);(185, 79, 143, 244, 82, 181, 44, 25);(142, 3, 149, 225, 132, 95, 25, 97);(142, 3, 149, 225, 132, 95, 25, 97)
HK17;69;64-bits KEM - HK17-O-64 - 8-bits version;16;(100, 9, 217, 37, 84, 130, 128, 35);(172, 203, 196, 207, 55, 213, 100, 78);7;89;186;117;[(126, 15), (39, 14), (123, 13), (97, 12), (71, 11), (233, 10), (139, 9), (66, 8), (230, 7), (164, 6), (69, 5), (232, 4), (225, 3), (153, 2), (250, 1), (208, 0)];[(250, 15), (4, 14), (9, 13), (215, 12), (78, 11), (95, 10), (211, 9), (43, 8), (9, 7), (100, 6), (234, 5), (24, 4), (151, 3), (53, 2), (181, 1), (226, 0)];(190, 195, 166, 112, 57, 100, 127, 108);(131, 188, 89, 4, 33, 86, 177, 171);(165, 201, 196, 16, 157, 238, 44, 131);(165, 201, 196, 16, 157, 238, 44, 131)
HK17;70;64-bits KEM - HK17-O-64 - 8-bits version;16;(96, 20, 176, 230, 141, 37, 111, 128);(171, 190, 67, 44, 169, 145, 47, 196);195;40;8;129;[(18, 15), (170, 14), (190, 13), (120, 12), (51, 11), (66, 10), (17, 9), (222, 8), (114, 7), (243, 6), (159, 5), (22, 4), (124, 3), (99, 2), (72, 1), (248, 0)];[(185, 15), (71, 14), (5, 13), (230, 12), (97, 11), (214, 10), (125, 9), (211, 8), (166, 7), (102, 6), (136, 5), (184, 4), (91, 3), (59, 2), (28, 1), (41, 0)];(160, 67, 150, 181, 12, 65, 175, 116);(53, 174, 70, 60, 22, 42, 96, 61);(20, 36, 246, 109, 45, 192, 1, 216);(20, 36, 246, 109, 45, 192, 1, 216)
HK17;71;64-bits KEM - HK17-O-64 - 8-bits version;16;(57, 91, 49, 220, 149, 145, 25, 132);(113, 117, 198, 21, 113, 91, 64, 199);56;247;107;210;[(108, 15), (31, 14), (36, 13), (86, 12), (39, 11), (30, 10), (65, 9), (106, 8), (172, 7), (17, 6), (250, 5), (214, 4), (128, 3), (9, 2), (123, 1), (221, 0)];[(229, 15), (53, 14), (237, 13), (175, 12), (119, 11), (172, 10), (43, 9), (36, 8), (250, 7), (179, 6), (39, 5), (152, 4), (209, 3), (175, 2), (117, 1), (236, 0)];(71, 190, 104, 113, 234, 180, 133, 105);(205, 138, 249, 71, 116, 163, 66, 248);(118, 123, 40, 175, 19, 159, 122, 213);(118, 123, 40, 175, 19, 159, 122, 213)
HK17;72;64-bits KEM - HK17-O-64 - 8-bits version;16;(93, 102, 214, 52, 214, 101, 53, 243);(121, 36, 128, 50, 146, 40, 77, 181);190;216;117;38;[(36, 15), (60, 14), (200, 13), (93, 12), (58, 11), (215, 10), (116, 9), (51, 8), (207, 7), (230, 6), (247, 5), (71, 4), (216, 3), (19, 2), (165, 1), (142, 0)];[(30, 15), (144, 14), (169, 13), (231, 12), (32, 11), (53, 10), (245, 9), (139, 8), (224, 7), (250, 6), (224, 5), (124, 4), (39, 3), (30, 2), (198, 1), (132, 0)];(250, 0, 86, 77, 13, 232, 176, 89);(90, 115, 151, 93, 169, 223, 4, 39);(64, 15, 133, 230, 167, 198, 219, 165);(64, 15, 133, 230, 167, 198, 219, 165)
HK17;73;64-bits KEM - HK17-O-64 - 8-bits version;16;(198, 132, 207, 161, 104, 23, 98, 43);(228, 244, 233, 25, 199, 6, 200, 59);207;215;53;191;[(201, 15), (214, 14), (234, 13), (131, 12), (201, 11), (213, 10), (152, 9), (154, 8), (7, 7), (237, 6), (163, 5), (211, 4), (141, 3), (114, 2), (170, 1), (108, 0)];[(213, 15), (139, 14), (95, 13), (23, 12), (16, 11), (179, 10), (62, 9), (194, 8), (213, 7), (171, 6), (9, 5), (165, 4), (28, 3), (168, 2), (43, 1), (231, 0)];(235, 7, 40, 124, 168, 186, 31, 138);(216, 183, 250, 240, 117, 170, 165, 46);(144, 210, 223, 41, 109, 214, 130, 71);(144, 210, 223, 41, 109, 214, 130, 71)
HK17;74;64-bits KEM - HK17-O-64 - 8-bits version;16;(65, 88, 138, 177, 132, 177, 89, 64);(177, 182, 223, 249, 77, 131, 76, 201);135;82;241;71;[(80, 15), (234, 14), (26, 13), (140, 12), (44, 11), (186, 10), (211, 9), (164, 8), (105, 7), (57, 6), (71, 5), (143, 4), (27, 3), (78, 2), (63, 1), (204, 0)];[(95, 15), (242, 14), (206, 13), (181, 12), (212, 11), (135, 10), (88, 9), (123, 8), (30, 7), (16, 6), (222, 5), (110, 4), (19, 3), (184, 2), (121, 1), (72, 0)];(224, 170, 217, 143, 226, 236, 68, 153);(137, 6, 115, 144, 228, 249, 24, 224);(245, 47, 82, 123, 110, 57, 14, 148);(245, 47, 82, 123, 110, 57, 14, 148)
HK17;75;64-bits KEM - HK17-O-64 - 8-bits version;16;(96, 170, 89, 218, 85, 88, 30, 31);(83, 190, 102, 58, 181, 51, 2, 230);215;181;70;40;[(204, 15), (184, 14), (185, 13), (36, 12), (89, 11), (67, 10), (21, 9), (143, 8), (106, 7), (213, 6), (143, 5), (66, 4), (139, 3), (133, 2), (239, 1), (38, 0)];[(217, 15), (122, 14), (154, 13), (165, 12), (90, 11), (1, 10), (115, 9), (241, 8), (249, 7), (206, 6), (161, 5), (195, 4), (40, 3), (210, 2), (186, 1), (96, 0)];(42, 174, 206, 177, 99, 193, 25, 10);(146, 225, 109, 181, 11, 95, 108, 231);(103, 76, 47, 21, 124, 177, 164, 199);(103, 76, 47, 21, 124, 177, 164, 199)
HK17;76;64-bits KEM - HK17-O-64 - 8-bits version;16;(33, 195, 231, 165, 84, 249, 100, 82);(171, 50, 167, 210, 40, 119, 227, 130);239;94;167;193;[(140, 15), (119, 14), (64, 13), (228, 12), (79, 11), (196, 10), (175, 9), (74, 8), (93, 7), (42, 6), (78, 5), (223, 4), (189, 3), (169, 2), (16, 1), (139, 0)];[(26, 15), (242, 14), (91, 13), (204, 12), (100, 11), (101, 10), (225, 9), (60, 8), (128, 7), (45, 6), (80, 5), (164, 4), (191, 3), (185, 2), (225, 1), (122, 0)];(130, 238, 218, 105, 159, 179, 248, 248);(9, 236, 214, 20, 98, 31, 122, 25);(90, 240, 235, 225, 134, 42, 180, 38);(90, 240, 235, 225, 134, 42, 180, 38)
HK17;77;64-bits KEM - HK17-O-64 - 8-bits version;16;(82, 176, 35, 29, 246, 45, 70, 0);(183, 225, 170, 226, 183, 70, 226, 148);86;55;147;130;[(7, 15), (71, 14), (49, 13), (142, 12), (32, 11), (103, 10), (53, 9), (142, 8), (5, 7), (211, 6), (245, 5), (25, 4), (185, 3), (87, 2), (57, 1), (169, 0)];[(188, 15), (127, 14), (236, 13), (221, 12), (245, 11), (87, 10), (47, 9), (115, 8), (172, 7), (113, 6), (131, 5), (79, 4), (76, 3), (76, 2), (90, 1), (173, 0)];(154, 134, 198, 230, 103, 169, 247, 161);(89, 126, 172, 228, 24, 218, 62, 130);(16, 231, 39, 58, 143, 142, 107, 91);(16, 231, 39, 58, 143, 142, 107, 91)
HK17;78;64-bits KEM - HK17-O-64 - 8-bits version;16;(229, 15, 184, 93, 147, 120, 20, 15);(202, 80, 22, 85, 48, 37, 156, 37);24;153;182;185;[(199, 15), (34, 14), (67, 13), (109, 12), (193, 11), (60, 10), (110, 9), (219, 8), (89, 7), (160, 6), (153, 5), (163, 4), (53, 3), (123, 2), (134, 1), (166, 0)];[(4, 15), (42, 14), (39, 13), (8, 12), (184, 11), (232, 10), (220, 9), (40, 8), (78, 7), (198, 6), (157, 5), (27, 4), (86, 3), (229, 2), (79, 1), (210, 0)];(91, 22, 190, 129, 87, 31, 236, 200);(211, 223, 250, 81, 226, 189, 118, 162);(214, 237, 150, 240, 168, 82, 42, 107);(214, 237, 150, 240, 168, 82, 42, 107)
HK17;79;64-bits KEM - HK17-O-64 - 8-bits version;16;(169, 228, 3, 213, 138, 169, 38, 162);(42, 131, 171, 45, 14, 120, 18, 35);25;29;13;141;[(216, 15), (200, 14), (138, 13), (112, 12), (103, 11), (203, 10), (179, 9), (225, 8), (152, 7), (187, 6), (14, 5), (5, 4), (72, 3), (152, 2), (149, 1), (33, 0)];[(108, 15), (178, 14), (189, 13), (156, 12), (229, 11), (140, 10), (108, 9), (126, 8), (161, 7), (174, 6), (93, 5), (135, 4), (49, 3), (98, 2), (210, 1), (237, 0)];(44, 90, 143, 113, 195, 64, 141, 126);(134, 175, 47, 89, 190, 71, 77, 151);(152, 110, 70, 11, 88, 135, 136, 1);(152, 110, 70, 11, 88, 135, 136, 1)
HK17;80;64-bits KEM - HK17-O-64 - 8-bits version;16;(121, 61, 201, 40, 10, 191, 130, 195);(207, 224, 92, 71, 218, 20, 98, 197);242;8;67;214;[(116, 15), (48, 14), (182, 13), (1, 12), (205, 11), (160, 10), (143, 9), (215, 8), (110, 7), (190, 6), (24, 5), (168, 4), (212, 3), (54, 2), (14, 1), (62, 0)];[(7, 15), (46, 14), (62, 13), (213, 12), (112, 11), (115, 10), (175, 9), (132, 8), (135, 7), (77, 6), (133, 5), (5, 4), (153, 3), (207, 2), (93, 1), (19, 0)];(207, 128, 105, 96, 165, 156, 203, 250);(50, 204, 168, 198, 95, 34, 5, 13);(50, 88, 206, 226, 226, 102, 116, 63);(50, 88, 206, 226, 226, 102, 116, 63)
HK17;81;64-bits KEM - HK17-O-64 - 8-bits version;16;(25, 67, 115, 249, 109, 130, 186, 81);(181, 225, 159, 201, 163, 81, 4, 74);208;171;118;179;[(223, 15), (178, 14), (35, 13), (114, 12), (46, 11), (199, 10), (32, 9), (100, 8), (15, 7), (233, 6), (233, 5), (130, 4), (190, 3), (118, 2), (128, 1), (234, 0)];[(8, 15), (209, 14), (35, 13), (168, 12), (2, 11), (246, 10), (232, 9), (71, 8), (118, 7), (37, 6), (174, 5), (122, 4), (3, 3), (86, 2), (99, 1), (120, 0)];(201, 176, 185, 191, 197, 245, 92, 131);(71, 195, 26, 240, 185, 22, 98, 31);(178, 227, 30, 55, 206, 173, 118, 157);(178, 227, 30, 55, 206, 173, 118, 157)
HK17;82;64-bits KEM - HK17-O-64 - 8-bits version;16;(171, 211, 218, 207, 49, 142, 183, 80);(149, 62, 94, 125, 224, 202, 194, 198);2;101;163;114;[(55, 15), (222, 14), (35, 13), (66, 12), (102, 11), (154, 10), (206, 9), (148, 8), (135, 7), (41, 6), (47, 5), (67, 4), (4, 3), (123, 2), (147, 1), (52, 0)];[(159, 15), (53, 14), (83, 13), (104, 12), (46, 11), (145, 10), (122, 9), (113, 8), (26, 7), (147, 6), (80, 5), (112, 4), (5, 3), (72, 2), (42, 1), (89, 0)];(40, 5, 75, 71, 81, 101, 142, 104);(84, 208, 131, 149, 134, 96, 115, 186);(199, 112, 136, 163, 95, 215, 21, 230);(199, 112, 136, 163, 95, 215, 21, 230)
HK17;83;64-bits KEM - HK17-O-64 - 8-bits version;16;(138, 185, 123, 27, 72, 67, 223, 229);(118, 40, 28, 112, 135, 232, 154, 250);126;204;170;29;[(229, 15), (243, 14), (174, 13), (60, 12), (125, 11), (233, 10), (96, 9), (186, 8), (158, 7), (194, 6), (202, 5), (244, 4), (179, 3), (232, 2), (21, 1), (116, 0)];[(210, 15), (60, 14), (89, 13), (219, 12), (228, 11), (238, 10), (6, 9), (70, 8), (182, 7), (145, 6), (203, 5), (70, 4), (28, 3), (75, 2), (98, 1), (131, 0)];(149, 69, 28, 149, 12, 24, 36, 110);(63, 154, 177, 170, 16, 48, 218, 188);(210, 107, 179, 175, 198, 230, 26, 25);(210, 107, 179, 175, 198, 230, 26, 25)
HK17;84;64-bits KEM - HK17-O-64 - 8-bits version;16;(159, 194, 134, 80, 153, 29, 179, 166);(48, 227, 177, 43, 93, 132, 175, 185);141;164;5;157;[(224, 15), (49, 14), (56, 13), (134, 12), (65, 11), (12, 10), (197, 9), (72, 8), (226, 7), (172, 6), (197, 5), (244, 4), (154, 3), (59, 2), (95, 1), (203, 0)];[(156, 15), (213, 14), (6, 13), (41, 12), (12, 11), (22, 10), (70, 9), (98, 8), (121, 7), (70, 6), (232, 5), (127, 4), (144, 3), (36, 2), (32, 1), (157, 0)];(53, 231, 170, 11, 31, 7, 127, 234);(82, 195, 86, 65, 191, 108, 18, 114);(43, 174, 75, 36, 168, 52, 140, 90);(43, 174, 75, 36, 168, 52, 140, 90)
HK17;85;64-bits KEM - HK17-O-64 - 8-bits version;16;(133, 184, 95, 189, 31, 49, 132, 67);(182, 217, 119, 214, 95, 101, 98, 74);226;111;144;68;[(118, 15), (111, 14), (224, 13), (114, 12), (207, 11), (82, 10), (228, 9), (217, 8), (240, 7), (29, 6), (11, 5), (132, 4), (200, 3), (45, 2), (88, 1), (90, 0)];[(215, 15), (27, 14), (189, 13), (191, 12), (79, 11), (89, 10), (51, 9), (241, 8), (82, 7), (227, 6), (224, 5), (189, 4), (20, 3), (172, 2), (212, 1), (159, 0)];(153, 148, 155, 61, 9, 179, 137, 247);(233, 198, 26, 146, 193, 247, 191, 48);(64, 61, 248, 181, 158, 109, 50, 230);(64, 61, 248, 181, 158, 109, 50, 230)
HK17;86;64-bits KEM - HK17-O-64 - 8-bits version;16;(1, 118, 240, 21, 105, 219, 103, 91);(106, 61, 59, 0, 151, 244, 136, 122);73;145;175;74;[(192, 15), (167, 14), (198, 13), (199, 12), (103, 11), (49, 10), (147, 9), (187, 8), (10, 7), (174, 6), (101, 5), (214, 4), (174, 3), (120, 2), (71, 1), (165, 0)];[(137, 15), (212, 14), (228, 13), (171, 12), (167, 11), (5, 10), (195, 9), (209, 8), (118, 7), (186, 6), (27, 5), (183, 4), (122, 3), (121, 2), (118, 1), (236, 0)];(65, 168, 177, 15, 82, 139, 0, 220);(87, 54, 171, 180, 111, 221, 69, 144);(153, 190, 194, 167, 141, 153, 225, 14);(153, 190, 194, 167, 141, 153, 225, 14)
HK17;87;64-bits KEM - HK17-O-64 - 8-bits version;16;(118, 19, 78, 20, 165, 159, 75, 124);(132, 118, 223, 212, 244, 39, 214, 240);182;79;181;4;[(79, 15), (210, 14), (116, 13), (226, 12), (109, 11), (240, 10), (225, 9), (29, 8), (218, 7), (179, 6), (150, 5), (87, 4), (147, 3), (40, 2), (40, 1), (23, 0)];[(2, 15), (142, 14), (16, 13), (84, 12), (27, 11), (30, 10), (112, 9), (220, 8), (67, 7), (63, 6), (142, 5), (22, 4), (60, 3), (153, 2), (117, 1), (96, 0)];(149, 105, 221, 191, 195, 111, 115, 0);(78, 105, 172, 231, 87, 230, 208, 131);(58, 168, 213, 191, 208, 114, 36, 229);(58, 168, 213, 191, 208, 114, 36, 229)
HK17;88;64-bits KEM - HK17-O-64 - 8-bits version;16;(199, 54, 118, 112, 119, 245, 73, 49);(173, 71, 114, 124, 106, 238, 133, 181);147;156;189;104;[(27, 15), (19, 14), (220, 13), (44, 12), (64, 11), (174, 10), (150, 9), (10, 8), (112, 7), (24, 6), (132, 5), (143, 4), (143, 3), (20, 2), (166, 1), (110, 0)];[(50, 15), (189, 14), (249, 13), (220, 12), (105, 11), (130, 10), (149, 9), (47, 8), (70, 7), (153, 6), (102, 5), (250, 4), (62, 3), (117, 2), (22, 1), (210, 0)];(67, 28, 245, 12, 14, 5, 162, 46);(182, 93, 73, 157, 134, 4, 91, 121);(32, 162, 208, 228, 18, 23, 104, 110);(32, 162, 208, 228, 18, 23, 104, 110)
HK17;89;64-bits KEM - HK17-O-64 - 8-bits version;16;(244, 146, 23, 83, 247, 109, 76, 142);(250, 104, 232, 239, 49, 84, 164, 167);156;38;136;124;[(126, 15), (106, 14), (103, 13), (153, 12), (150, 11), (226, 10), (144, 9), (83, 8), (222, 7), (186, 6), (99, 5), (66, 4), (134, 3), (140, 2), (217, 1), (193, 0)];[(4, 15), (65, 14), (216, 13), (186, 12), (213, 11), (93, 10), (161, 9), (43, 8), (134, 7), (21, 6), (39, 5), (244, 4), (74, 3), (189, 2), (10, 1), (151, 0)];(75, 177, 220, 107, 204, 23, 78, 227);(223, 219, 63, 233, 199, 210, 116, 121);(148, 103, 232, 81, 41, 59, 213, 198);(148, 103, 232, 81, 41, 59, 213, 198)
HK17;90;64-bits KEM - HK17-O-64 - 8-bits version;16;(2, 134, 148, 159, 60, 113, 159, 219);(3, 195, 206, 26, 59, 30, 143, 230);235;253;203;150;[(17, 15), (179, 14), (64, 13), (76, 12), (75, 11), (172, 10), (15, 9), (52, 8), (73, 7), (55, 6), (155, 5), (62, 4), (242, 3), (237, 2), (144, 1), (161, 0)];[(128, 15), (47, 14), (90, 13), (205, 12), (66, 11), (201, 10), (32, 9), (43, 8), (9, 7), (54, 6), (82, 5), (178, 4), (241, 3), (248, 2), (209, 1), (27, 0)];(236, 104, 181, 146, 64, 24, 155, 37);(188, 244, 162, 190, 137, 195, 248, 236);(149, 64, 122, 100, 82, 97, 71, 185);(149, 64, 122, 100, 82, 97, 71, 185)
HK17;91;64-bits KEM - HK17-O-64 - 8-bits version;16;(174, 212, 44, 137, 89, 214, 120, 144);(210, 116, 1, 12, 231, 240, 60, 216);163;238;38;178;[(116, 15), (204, 14), (108, 13), (182, 12), (175, 11), (185, 10), (200, 9), (204, 8), (91, 7), (22, 6), (7, 5), (80, 4), (243, 3), (111, 2), (6, 1), (84, 0)];[(100, 15), (124, 14), (11, 13), (99, 12), (135, 11), (17, 10), (42, 9), (41, 8), (223, 7), (186, 6), (239, 5), (154, 4), (247, 3), (67, 2), (7, 1), (10, 0)];(241, 133, 145, 233, 49, 63, 148, 165);(159, 110, 179, 248, 64, 156, 11, 131);(128, 56, 79, 90, 239, 219, 128, 164);(128, 56, 79, 90, 239, 219, 128, 164)
HK17;92;64-bits KEM - HK17-O-64 - 8-bits version;16;(24, 116, 162, 29, 134, 126, 5, 182);(147, 205, 121, 130, 55, 212, 151, 90);35;109;27;131;[(237, 15), (23, 14), (95, 13), (59, 12), (170, 11), (6, 10), (73, 9), (215, 8), (131, 7), (224, 6), (214, 5), (104, 4), (190, 3), (224, 2), (12, 1), (42, 0)];[(95, 15), (137, 14), (105, 13), (249, 12), (115, 11), (76, 10), (202, 9), (107, 8), (189, 7), (21, 6), (102, 5), (177, 4), (219, 3), (183, 2), (48, 1), (158, 0)];(136, 40, 48, 192, 206, 112, 0, 14);(82, 1, 233, 86, 198, 7, 96, 24);(75, 226, 9, 218, 219, 186, 112, 45);(75, 226, 9, 218, 219, 186, 112, 45)
HK17;93;64-bits KEM - HK17-O-64 - 8-bits version;16;(67, 57, 242, 47, 172, 174, 103, 207);(220, 111, 240, 101, 22, 34, 202, 78);129;91;168;102;[(205, 15), (126, 14), (51, 13), (180, 12), (236, 11), (244, 10), (6, 9), (93, 8), (212, 7), (8, 6), (160, 5), (215, 4), (207, 3), (190, 2), (210, 1), (184, 0)];[(224, 15), (84, 14), (8, 13), (71, 12), (201, 11), (200, 10), (53, 9), (228, 8), (3, 7), (77, 6), (212, 5), (119, 4), (42, 3), (208, 2), (150, 1), (23, 0)];(120, 171, 140, 14, 230, 200, 54, 27);(236, 39, 4, 87, 246, 46, 143, 207);(220, 224, 30, 187, 176, 103, 178, 191);(220, 224, 30, 187, 176, 103, 178, 191)
HK17;94;64-bits KEM - HK17-O-64 - 8-bits version;16;(61, 98, 240, 136, 132, 181, 45, 216);(237, 120, 150, 150, 243, 128, 213, 234);26;167;255;192;[(199, 15), (215, 14), (63, 13), (19, 12), (63, 11), (64, 10), (188, 9), (117, 8), (188, 7), (226, 6), (54, 5), (124, 4), (147, 3), (35, 2), (217, 1), (94, 0)];[(8, 15), (237, 14), (68, 13), (219, 12), (233, 11), (241, 10), (165, 9), (123, 8), (143, 7), (247, 6), (19, 5), (144, 4), (173, 3), (90, 2), (215, 1), (79, 0)];(152, 14, 70, 218, 196, 201, 204, 131);(237, 222, 210, 5, 44, 91, 167, 16);(37, 201, 162, 106, 218, 13, 43, 96);(37, 201, 162, 106, 218, 13, 43, 96)
HK17;95;64-bits KEM - HK17-O-64 - 8-bits version;16;(5, 131, 45, 145, 152, 37, 109, 165);(111, 173, 49, 249, 169, 7, 156, 4);101;239;246;129;[(20, 15), (137, 14), (115, 13), (132, 12), (115, 11), (193, 10), (168, 9), (38, 8), (200, 7), (55, 6), (30, 5), (214, 4), (38, 3), (191, 2), (15, 1), (47, 0)];[(32, 15), (126, 14), (170, 13), (185, 12), (25, 11), (48, 10), (154, 9), (186, 8), (116, 7), (207, 6), (193, 5), (222, 4), (34, 3), (147, 2), (9, 1), (170, 0)];(247, 126, 2, 65, 89, 221, 229, 175);(248, 240, 195, 181, 229, 125, 146, 149);(42, 141, 166, 63, 115, 239, 124, 241);(42, 141, 166, 63, 115, 239, 124, 241)
HK17;96;64-bits KEM - HK17-O-64 - 8-bits version;16;(225, 28, 164, 95, 42, 72, 238, 184);(157, 200, 44, 238, 96, 182, 74, 181);185;10;156;238;[(18, 15), (98, 14), (63, 13), (199, 12), (193, 11), (186, 10), (28, 9), (174, 8), (244, 7), (86, 6), (34, 5), (221, 4), (38, 3), (214, 2), (24, 1), (222, 0)];[(247, 15), (33, 14), (72, 13), (215, 12), (211, 11), (223, 10), (139, 9), (33, 8), (170, 7), (174, 6), (18, 5), (79, 4), (243, 3), (6, 2), (77, 1), (15, 0)];(223, 66, 140, 99, 198, 46, 28, 231);(12, 104, 25, 136, 61, 174, 37, 175);(148, 117, 223, 217, 42, 56, 197, 100);(148, 117, 223, 217, 42, 56, 197, 100)
HK17;97;64-bits KEM - HK17-O-64 - 8-bits version;16;(36, 227, 128, 10, 159, 54, 148, 10);(81, 78, 79, 1, 221, 179, 158, 225);3;196;102;26;[(70, 15), (217, 14), (220, 13), (50, 12), (32, 11), (114, 10), (75, 9), (228, 8), (98, 7), (146, 6), (177, 5), (177, 4), (40, 3), (76, 2), (2, 1), (15, 0)];[(74, 15), (236, 14), (238, 13), (8, 12), (173, 11), (7, 10), (24, 9), (98, 8), (95, 7), (24, 6), (175, 5), (9, 4), (64, 3), (144, 2), (133, 1), (133, 0)];(121, 22, 93, 207, 104, 219, 76, 51);(187, 102, 71, 232, 123, 175, 213, 241);(91, 188, 136, 11, 176, 116, 15, 206);(91, 188, 136, 11, 176, 116, 15, 206)
HK17;98;64-bits KEM - HK17-O-64 - 8-bits version;16;(144, 116, 223, 45, 127, 114, 183, 58);(86, 152, 216, 139, 189, 10, 67, 178);153;159;113;145;[(216, 15), (243, 14), (47, 13), (247, 12), (59, 11), (86, 10), (126, 9), (117, 8), (188, 7), (208, 6), (22, 5), (2, 4), (211, 3), (20, 2), (109, 1), (163, 0)];[(151, 15), (126, 14), (115, 13), (78, 12), (187, 11), (112, 10), (63, 9), (221, 8), (21, 7), (172, 6), (134, 5), (29, 4), (203, 3), (114, 2), (10, 1), (89, 0)];(172, 6, 34, 65, 222, 75, 132, 51);(40, 103, 167, 208, 227, 216, 100, 43);(64, 178, 64, 156, 117, 74, 85, 202);(64, 178, 64, 156, 117, 74, 85, 202)
HK17;99;64-bits KEM - HK17-O-64 - 8-bits version;16;(134, 176, 86, 200, 104, 245, 69, 100);(61, 76, 109, 229, 88, 238, 158, 182);133;81;68;51;[(223, 15), (11, 14), (172, 13), (230, 12), (90, 11), (148, 10), (49, 9), (108, 8), (178, 7), (4, 6), (190, 5), (101, 4), (98, 3), (111, 2), (142, 1), (232, 0)];[(7, 15), (246, 14), (247, 13), (3, 12), (220, 11), (94, 10), (161, 9), (200, 8), (48, 7), (70, 6), (149, 5), (185, 4), (235, 3), (48, 2), (14, 1), (237, 0)];(166, 82, 182, 47, 0, 190, 142, 93);(29, 93, 190, 245, 188, 164, 191, 109);(14, 145, 63, 247, 214, 47, 184, 171);(14, 145, 63, 247, 214, 47, 184, 171)
HK17;100;64-bits KEM - HK17-O-64 - 8-bits version;16;(71, 74, 126, 110, 182, 74, 76, 35);(232, 54, 87, 136, 201, 223, 208, 127);169;124;79;142;[(7, 15), (47, 14), (119, 13), (222, 12), (169, 11), (126, 10), (100, 9), (126, 8), (180, 7), (145, 6), (6, 5), (107, 4), (95, 3), (84, 2), (112, 1), (104, 0)];[(93, 15), (204, 14), (154, 13), (165, 12), (116, 11), (204, 10), (170, 9), (164, 8), (72, 7), (38, 6), (208, 5), (17, 4), (43, 3), (245, 2), (27, 1), (97, 0)];(150, 12, 31, 190, 232, 249, 60, 68);(249, 11, 179, 187, 199, 152, 31, 224);(141, 3, 24, 6, 64, 55, 161, 236);(141, 3, 24, 6, 64, 55, 161, 236)